8
17
23
32
35
39
48
52
60
64
90
96
102
108
113
119
150
157
164
171
178
246
256
265
274
283
293
302
311
320
330
381
392
402
413
423
433
444
454
465
0
0
496
506
517
527
597
609
621
632
644
655
667
679
690
702
713
725
736
748
760
771
783
794
806
818
829
841
852
864
1
1
899
910
922
933
945
957
968
980
991
1003
1015
1026
1038
1049
1061
1072
1084
1096
1107
1120
1133
1146
1159
1172
1185
1198
1211
1223
1
1
1
1
1
1561
1577
1592
1608
1623
1639
1654
1670
1685
1701
1716
1732
1747
1763
1778
1793
1809
1824
1840
1855
1871
1886
1902
1917
1933
1948
1964
1979
1995
2010
2026
2041
2057
2072
2088
2103
2119
2134
2150
2165
2181
2196
2212
2227
2243
2258
2274
2289
2305
2320
2336
2351
2367
2382
2398
2413
2429
2444
2460
2475
2491
2506
2522
2537
2553
2568
2584
2599
2615
2630
2646
2661
2677
2692
2708
2723
2739
2754
2770
2785
2801
2816
2832
2847
2863
2878
2894
2909
2925
2940
2956
2971
2987
3002
3018
3033
3049