18
30
47
73
97
124
155
170
196
212
240
257
274
291
308
325
342
359
376
393
410
427
444
461
478
495
512
529
546
563
580
597
614
631
648
665
682
699
716
733
750
767
784
801
818
1
1
869
886
903
920
937
954
971
988
1005
1022
1039
1056
1073
1
1
1124
1141
1158
1175
1192
1209
1226
1243
1260
1277
1277
1277
1277
1
1
1277
1277
1277
1277
1277
1277
1277
1277
1277
1277
1277
1277
1277
1277
1277
1277
1277
1277
1277
1277
1277
1277
1277
1
1
1
1
1
1277
1277
1277
1277
1277
1277
1277
1277
1277
1277
1277
1277
1277
1277
1277
1277
1277
1277
1277
1277
1277
1277
1277
1277
1277
1277
1277
1277
1277
1277
1277
1277
1277
1277
1277
1277
1277
1277
1277
1277
1277
1277
1277
1277
1277
1277
1277
1277
1277
1277
1277
1277
1277
1277
1277
1277
1277
1277
1277
1277
1277
1277
1277
1277
1277
1277
1277
1277
1277
1277
1277
1277
1277
1277
1277
1277
1277
1277
1277
1277
1277
1277
1277
1277
1277
1277
1277
1277
1277
1277
1277
1277
1277
1277
1277
1277
1277